Force-directed: 0.959159sec
corner-stitch: 0.023162sec
